day	week	month	year	mu	sigma	nu	P3	P10	P25	P50	P75	P90	P97	SDM2	SDM1	SD0	SDP1	SDP2
14	2	0,46	0,0383	8,81	0,3126	1,3917	3,15	5,07	6,91	8,81	10,57	12,07	13,49	2,78	5,94	8,81	11,39	13,76
21	3	0,69	0,0575	10,59	0,2801	1,4418	4,32	6,49	8,52	10,59	12,50	14,12	15,64	3,88	7,46	10,59	13,38	15,94
28	4	0,92	0,0767	12,27	0,2526	1,4891	5,61	7,96	10,10	12,27	14,28	15,97	17,56	5,12	8,98	12,27	15,20	17,87
35	5	1,15	0,0958	13,87	0,2291	1,5331	6,99	9,43	11,64	13,87	15,93	17,67	19,30	6,47	10,48	13,87	16,87	19,61
42	6	1,38	0,1150	15,39	0,2089	1,5722	8,42	10,89	13,13	15,39	17,47	19,23	20,89	7,89	11,95	15,39	18,43	21,21
49	7	1,61	0,1342	16,83	0,1916	1,6049	9,86	12,32	14,56	16,83	18,92	20,69	22,36	9,33	13,39	16,83	19,88	22,68
56	8	1,84	0,1533	18,20	0,1767	1,6304	11,29	13,72	15,94	18,20	20,29	22,06	23,73	10,77	14,77	18,20	21,25	24,05
63	9	2,07	0,1725	19,50	0,1640	1,6487	12,68	15,07	17,26	19,50	21,59	23,36	25,02	12,17	16,11	19,50	22,55	25,35
70	10	2,30	0,1916	20,75	0,1531	1,6607	14,03	16,36	18,53	20,75	22,82	24,59	26,25	13,53	17,39	20,75	23,78	26,57
77	11	2,53	0,2108	21,94	0,1436	1,6676	15,32	17,61	19,74	21,94	24,00	25,76	27,42	14,84	18,61	21,94	24,95	27,74
84	12	2,76	0,2300	23,07	0,1354	1,6706	16,56	18,80	20,90	23,07	25,12	26,87	28,53	16,09	19,79	23,07	26,07	28,85
91	13	2,99	0,2491	24,16	0,1283	1,6711	17,74	19,94	22,01	24,16	26,20	27,94	29,59	17,28	20,91	24,16	27,14	29,91
98	14	3,22	0,2683	25,21	0,1220	1,6698	18,87	21,03	23,07	25,21	27,23	28,96	30,61	18,42	21,99	25,21	28,17	30,93
105	15	3,45	0,2875	26,21	0,1165	1,6673	19,95	22,07	24,09	26,21	28,22	29,95	31,59	19,51	23,02	26,21	29,15	31,91
112	16	3,68	0,3066	27,17	0,1117	1,6636	20,98	23,07	25,07	27,17	29,17	30,89	32,53	20,55	24,01	27,17	30,10	32,85
119	17	3,91	0,3258	28,10	0,1074	1,6589	21,97	24,04	26,01	28,10	30,09	31,81	33,44	21,55	24,97	28,10	31,02	33,76
126	18	4,14	0,3450	28,99	0,1035	1,6533	22,92	24,96	26,92	28,99	30,98	32,69	34,33	22,50	25,88	28,99	31,90	34,65
133	19	4,37	0,3641	29,86	0,1001	1,6471	23,84	25,85	27,80	29,86	31,83	33,54	35,18	23,42	26,77	29,86	32,76	35,50
140	20	4,60	0,3833	30,70	0,0970	1,6403	24,71	26,71	28,64	30,70	32,66	34,37	36,01	24,30	27,62	30,70	33,59	36,33
147	21	4,83	0,4025	31,50	0,0942	1,6330	25,56	27,54	29,46	31,50	33,47	35,17	36,81	25,15	28,44	31,50	34,39	37,13
154	22	5,06	0,4216	32,29	0,0917	1,6255	26,37	28,34	30,25	32,29	34,25	35,95	37,59	25,97	29,24	32,29	35,17	37,91
161	23	5,29	0,4408	33,05	0,0894	1,6178	27,16	29,12	31,02	33,05	35,01	36,71	38,35	26,76	30,01	33,05	35,93	38,67
168	24	5,52	0,4600	33,79	0,0873	1,6100	27,92	29,87	31,76	33,79	35,75	37,45	39,09	27,52	30,75	33,79	36,67	39,41
175	25	5,75	0,4791	34,51	0,0854	1,6022	28,66	30,59	32,48	34,51	36,46	38,17	39,81	28,26	31,48	34,51	37,38	40,13
182	26	5,98	0,4983	35,21	0,0837	1,5946	29,37	31,30	33,18	35,21	37,16	38,87	40,52	28,98	32,18	35,21	38,08	40,84
189	27	6,21	0,5175	35,89	0,0821	1,5870	30,06	31,98	33,86	35,89	37,84	39,55	41,20	29,67	32,86	35,89	38,77	41,53
196	28	6,44	0,5366	36,55	0,0807	1,5797	30,73	32,65	34,53	36,55	38,51	40,22	41,87	30,34	33,53	36,55	39,43	42,20
203	29	6,67	0,5558	37,20	0,0793	1,5725	31,38	33,29	35,17	37,20	39,16	40,88	42,53	30,99	34,17	37,20	40,08	42,86
210	30	6,90	0,5749	37,83	0,0781	1,5656	32,01	33,92	35,80	37,83	39,79	41,51	43,17	31,62	34,80	37,83	40,72	43,50
217	31	7,13	0,5941	38,44	0,0770	1,5588	32,63	34,54	36,42	38,44	40,41	42,14	43,80	32,24	35,42	38,44	41,34	44,13
224	32	7,36	0,6133	39,04	0,0759	1,5523	33,23	35,14	37,02	39,04	41,02	42,75	44,42	32,84	36,02	39,04	41,95	44,75
231	33	7,59	0,6324	39,63	0,0749	1,5460	33,81	35,72	37,60	39,63	41,61	43,34	45,02	33,42	36,60	39,63	42,54	45,35
238	34	7,82	0,6516	40,21	0,0740	1,5399	34,38	36,29	38,17	40,21	42,19	43,93	45,61	33,99	37,17	40,21	43,13	45,94
245	35	8,05	0,6708	40,77	0,0731	1,5340	34,94	36,85	38,73	40,77	42,76	44,50	46,19	34,55	37,73	40,77	43,70	46,52
252	36	8,28	0,6899	41,32	0,0723	1,5284	35,48	37,40	39,28	41,32	43,31	45,06	46,75	35,10	38,28	41,32	44,25	47,09
259	37	8,51	0,7091	41,86	0,0715	1,5230	36,02	37,93	39,82	41,86	43,86	45,61	47,31	35,63	38,81	41,86	44,80	47,64
266	38	8,74	0,7283	42,39	0,0707	1,5178	36,54	38,45	40,34	42,39	44,39	46,15	47,85	36,15	39,33	42,39	45,34	48,19
273	39	8,97	0,7474	42,91	0,0700	1,5128	37,05	38,96	40,86	42,91	44,91	46,68	48,38	36,66	39,85	42,91	45,86	48,72
280	40	9,20	0,7666	43,42	0,0693	1,5081	37,55	39,47	41,36	43,42	45,42	47,19	48,91	37,16	40,35	43,42	46,38	49,24
287	41	9,43	0,7858	43,92	0,0687	1,5036	38,04	39,96	41,86	43,92	45,93	47,70	49,42	37,65	40,84	43,92	46,88	49,76
294	42	9,66	0,8049	44,40	0,0681	1,4993	38,52	40,44	42,34	44,40	46,42	48,20	49,92	38,13	41,33	44,40	47,38	50,26
301	43	9,89	0,8241	44,88	0,0674	1,4952	38,99	40,92	42,82	44,88	46,90	48,68	50,41	38,61	41,80	44,88	47,86	50,75
308	44	10,12	0,8433	45,36	0,0669	1,4913	39,46	41,38	43,29	45,36	47,38	49,16	50,90	39,07	42,27	45,36	48,34	51,24
315	45	10,35	0,8624	45,82	0,0663	1,4876	39,92	41,84	43,75	45,82	47,84	49,63	51,37	39,53	42,73	45,82	48,81	51,71
322	46	10,58	0,8816	46,27	0,0657	1,4841	40,36	42,29	44,20	46,27	48,30	50,09	51,83	39,98	43,18	46,27	49,27	52,18
329	47	10,81	0,9008	46,72	0,0652	1,4809	40,81	42,73	44,64	46,72	48,75	50,55	52,29	40,42	43,62	46,72	49,72	52,63
336	48	11,04	0,9199	47,16	0,0647	1,4778	41,24	43,17	45,08	47,16	49,19	50,99	52,74	40,85	44,06	47,16	50,16	53,08
343	49	11,27	0,9391	47,59	0,0642	1,4749	41,67	43,59	45,51	47,59	49,63	51,43	53,18	41,28	44,49	47,59	50,60	53,52
350	50	11,50	0,9582	48,01	0,0637	1,4723	42,09	44,01	45,93	48,01	50,05	51,86	53,61	41,70	44,91	48,01	51,02	53,96
357	51	11,73	0,9774	48,43	0,0632	1,4698	42,50	44,43	46,34	48,43	50,47	52,28	54,03	42,11	45,32	48,43	51,44	54,38
364	52	11,96	0,9966	48,84	0,0627	1,4676	42,91	44,84	46,75	48,84	50,88	52,69	54,45	42,52	45,73	48,84	51,86	54,80
371	53	12,19	1,0157	49,24	0,0622	1,4655	43,31	45,24	47,15	49,24	51,29	53,10	54,86	42,92	46,13	49,24	52,26	55,20
378	54	12,42	1,0349	49,64	0,0618	1,4637	43,70	45,63	47,55	49,64	51,69	53,50	55,26	43,32	46,53	49,64	52,66	55,61
385	55	12,65	1,0541	50,03	0,0613	1,4620	44,09	46,02	47,94	50,03	52,08	53,89	55,65	43,71	46,92	50,03	53,05	56,00
392	56	12,88	1,0732	50,41	0,0608	1,4605	44,48	46,41	48,32	50,41	52,46	54,28	56,04	44,09	47,30	50,41	53,44	56,39
399	57	13,11	1,0924	50,79	0,0604	1,4592	44,86	46,78	48,70	50,79	52,84	54,66	56,42	44,47	47,68	50,79	53,82	56,77
406	58	13,34	1,1116	51,16	0,0600	1,4580	45,23	47,16	49,07	51,16	53,21	55,03	56,79	44,84	48,05	51,16	54,19	57,14
413	59	13,57	1,1307	51,53	0,0595	1,4570	45,60	47,52	49,44	51,53	53,58	55,39	57,16	45,21	48,42	51,53	54,56	57,51
420	60	13,80	1,1499	51,89	0,0591	1,4561	45,96	47,89	49,80	51,89	53,94	55,75	57,52	45,58	48,78	51,89	54,91	57,87
427	61	14,03	1,1691	52,24	0,0587	1,4553	46,32	48,24	50,16	52,24	54,29	56,11	57,87	45,93	49,13	52,24	55,27	58,22
434	62	14,26	1,1882	52,59	0,0583	1,4547	46,67	48,60	50,51	52,59	54,64	56,45	58,22	46,29	49,49	52,59	55,62	58,57
441	63	14,49	1,2074	52,94	0,0578	1,4542	47,02	48,94	50,85	52,94	54,98	56,80	58,56	46,64	49,83	52,94	55,96	58,91
448	64	14,72	1,2266	53,27	0,0574	1,4538	47,37	49,28	51,19	53,27	55,32	57,13	58,90	46,98	50,17	53,27	56,30	59,24
455	65	14,95	1,2457	53,61	0,0570	1,4535	47,71	49,62	51,53	53,61	55,65	57,46	59,23	47,32	50,51	53,61	56,63	59,57
462	66	15,18	1,2649	53,94	0,0566	1,4534	48,04	49,95	51,86	53,94	55,98	57,79	59,55	47,66	50,84	53,94	56,95	59,90
469	67	15,41	1,2841	54,26	0,0562	1,4533	48,37	50,28	52,18	54,26	56,30	58,11	59,87	47,99	51,17	54,26	57,27	60,22
476	68	15,64	1,3032	54,58	0,0559	1,4533	48,70	50,60	52,50	54,58	56,62	58,42	60,18	48,31	51,49	54,58	57,59	60,53
483	69	15,87	1,3224	54,89	0,0555	1,4533	49,02	50,92	52,82	54,89	56,93	58,73	60,49	48,64	51,81	54,89	57,90	60,84
490	70	16,10	1,3415	55,20	0,0551	1,4535	49,34	51,24	53,13	55,20	57,23	59,04	60,79	48,95	52,12	55,20	58,20	61,14
497	71	16,33	1,3607	55,50	0,0547	1,4537	49,65	51,55	53,44	55,50	57,54	59,34	61,09	49,27	52,43	55,50	58,51	61,44
504	72	16,56	1,3799	55,81	0,0544	1,4539	49,96	51,85	53,74	55,81	57,83	59,63	61,39	49,58	52,73	55,81	58,80	61,73
511	73	16,79	1,3990	56,10	0,0540	1,4542	50,26	52,15	54,04	56,10	58,13	59,93	61,68	49,88	53,03	56,10	59,09	62,02
518	74	17,02	1,4182	56,39	0,0536	1,4546	50,56	52,45	54,34	56,39	58,42	60,21	61,96	50,18	53,33	56,39	59,38	62,31
525	75	17,25	1,4374	56,68	0,0533	1,4551	50,86	52,75	54,63	56,68	58,70	60,50	62,24	50,48	53,62	56,68	59,67	62,59
532	76	17,48	1,4565	56,97	0,0530	1,4555	51,15	53,04	54,91	56,97	58,98	60,77	62,52	50,78	53,91	56,97	59,95	62,86
539	77	17,71	1,4757	57,25	0,0526	1,4561	51,44	53,32	55,20	57,25	59,26	61,05	62,79	51,07	54,20	57,25	60,22	63,14
546	78	17,94	1,4949	57,52	0,0523	1,4567	51,73	53,61	55,48	57,52	59,54	61,32	63,06	51,35	54,48	57,52	60,50	63,40
553	79	18,17	1,5140	57,80	0,0520	1,4573	52,01	53,88	55,75	57,80	59,81	61,59	63,33	51,63	54,75	57,80	60,76	63,67
560	80	18,40	1,5332	58,06	0,0517	1,4580	52,29	54,16	56,02	58,06	60,07	61,85	63,59	51,91	55,03	58,06	61,03	63,93
567	81	18,63	1,5524	58,33	0,0514	1,4587	52,56	54,43	56,29	58,33	60,34	62,11	63,85	52,19	55,30	58,33	61,29	64,19
574	82	18,86	1,5715	58,59	0,0510	1,4595	52,84	54,70	56,56	58,59	60,60	62,37	64,10	52,46	55,57	58,59	61,55	64,44
581	83	19,09	1,5907	58,85	0,0508	1,4603	53,10	54,97	56,82	58,85	60,85	62,63	64,35	52,73	55,83	58,85	61,81	64,70
588	84	19,32	1,6099	59,11	0,0505	1,4612	53,37	55,23	57,08	59,11	61,11	62,88	64,60	53,00	56,09	59,11	62,06	64,94
595	85	19,55	1,6290	59,36	0,0502	1,4620	53,63	55,49	57,34	59,36	61,36	63,13	64,85	53,26	56,35	59,36	62,31	65,19
602	86	19,78	1,6482	59,61	0,0499	1,4630	53,89	55,74	57,59	59,61	61,60	63,37	65,09	53,52	56,60	59,61	62,55	65,43
609	87	20,01	1,6674	59,86	0,0496	1,4639	54,15	56,00	57,84	59,86	61,85	63,61	65,33	53,77	56,85	59,86	62,80	65,67
616	88	20,24	1,6865	60,11	0,0494	1,4649	54,40	56,25	58,09	60,11	62,09	63,85	65,57	54,03	57,10	60,11	63,04	65,91
623	89	20,47	1,7057	60,35	0,0491	1,4660	54,65	56,49	58,33	60,35	62,33	64,09	65,81	54,28	57,35	60,35	63,28	66,15
630	90	20,70	1,7248	60,59	0,0488	1,4670	54,90	56,74	58,58	60,59	62,57	64,33	66,04	54,53	57,59	60,59	63,51	66,38
637	91	20,93	1,7440	60,82	0,0486	1,4681	55,14	56,98	58,82	60,82	62,80	64,56	66,27	54,77	57,83	60,82	63,75	66,61
644	92	21,16	1,7632	61,06	0,0483	1,4692	55,38	57,22	59,05	61,06	63,03	64,79	66,50	55,01	58,07	61,06	63,98	66,83
651	93	21,39	1,7823	61,29	0,0481	1,4704	55,62	57,46	59,29	61,29	63,26	65,01	66,72	55,25	58,31	61,29	64,21	67,06
658	94	21,62	1,8015	61,52	0,0478	1,4716	55,86	57,69	59,52	61,52	63,49	65,24	66,94	55,49	58,54	61,52	64,43	67,28
665	95	21,85	1,8207	61,75	0,0476	1,4728	56,09	57,92	59,75	61,75	63,72	65,46	67,17	55,73	58,77	61,75	64,66	67,50
672	96	22,08	1,8398	61,97	0,0474	1,4740	56,33	58,15	59,98	61,97	63,94	65,68	67,38	55,96	59,00	61,97	64,88	67,72
679	97	22,31	1,8590	62,20	0,0471	1,4752	56,56	58,38	60,20	62,20	64,16	65,90	67,60	56,19	59,23	62,20	65,10	67,94
686	98	22,54	1,8782	62,42	0,0469	1,4765	56,79	58,61	60,43	62,42	64,38	66,12	67,81	56,42	59,45	62,42	65,31	68,15
693	99	22,77	1,8973	62,64	0,0467	1,4778	57,01	58,83	60,65	62,64	64,59	66,33	68,03	56,65	59,68	62,64	65,53	68,36
700	100	23,00	1,9165	62,85	0,0465	1,4791	57,23	59,05	60,87	62,85	64,81	66,54	68,24	56,87	59,90	62,85	65,74	68,57
707	101	23,23	1,9357	63,07	0,0463	1,4805	57,46	59,27	61,08	63,07	65,02	66,75	68,45	57,09	60,11	63,07	65,95	68,78
714	102	23,46	1,9548	63,28	0,0461	1,4818	57,68	59,49	61,30	63,28	65,23	66,96	68,65	57,31	60,33	63,28	66,16	68,99
721	103	23,69	1,9740	63,49	0,0459	1,4832	57,89	59,70	61,51	63,49	65,44	67,17	68,86	57,53	60,55	63,49	66,37	69,19
728	104	23,92	1,9932	63,70	0,0457	1,4846	58,11	59,92	61,72	63,70	65,65	67,37	69,06	57,75	60,76	63,70	66,58	69,39
735	105	24,15	2,0123	63,91	0,0455	1,4861	58,32	60,13	61,93	63,91	65,85	67,58	69,26	57,96	60,97	63,91	66,78	69,59
742	106	24,38	2,0315	64,11	0,0453	1,4875	58,53	60,34	62,14	64,11	66,05	67,78	69,46	58,17	61,18	64,11	66,98	69,79
749	107	24,61	2,0507	64,32	0,0451	1,4890	58,74	60,55	62,35	64,32	66,26	67,98	69,66	58,38	61,38	64,32	67,18	69,99
756	108	24,84	2,0698	64,52	0,0449	1,4904	58,95	60,75	62,55	64,52	66,46	68,18	69,86	58,59	61,59	64,52	67,38	70,19
763	109	25,07	2,0890	64,72	0,0447	1,4919	59,16	60,96	62,75	64,72	66,65	68,37	70,05	58,80	61,79	64,72	67,58	70,38
770	110	25,30	2,1081	64,92	0,0445	1,4934	59,36	61,16	62,95	64,92	66,85	68,57	70,24	59,00	61,99	64,92	67,77	70,57
777	111	25,53	2,1273	65,11	0,0443	1,4949	59,57	61,36	63,15	65,11	67,05	68,76	70,43	59,21	62,19	65,11	67,97	70,77
784	112	25,76	2,1465	65,31	0,0441	1,4964	59,77	61,56	63,35	65,31	67,24	68,95	70,62	59,41	62,39	65,31	68,16	70,95
791	113	25,99	2,1656	65,50	0,0440	1,4979	59,97	61,76	63,55	65,50	67,43	69,14	70,81	59,61	62,59	65,50	68,35	71,14
798	114	26,22	2,1848	65,70	0,0438	1,4994	60,17	61,95	63,74	65,70	67,62	69,33	71,00	59,81	62,79	65,70	68,54	71,33
805	115	26,45	2,2040	65,89	0,0436	1,5009	60,36	62,15	63,93	65,89	67,81	69,52	71,19	60,01	62,98	65,89	68,73	71,51
812	116	26,68	2,2231	66,08	0,0434	1,5024	60,56	62,34	64,12	66,08	68,00	69,70	71,37	60,20	63,17	66,08	68,92	71,70
819	117	26,91	2,2423	66,26	0,0433	1,5039	60,75	62,54	64,31	66,26	68,18	69,89	71,55	60,40	63,36	66,26	69,10	71,88
826	118	27,14	2,2615	66,45	0,0431	1,5054	60,95	62,73	64,50	66,45	68,37	70,07	71,73	60,59	63,55	66,45	69,28	72,06
833	119	27,37	2,2806	66,64	0,0429	1,5069	61,14	62,91	64,69	66,64	68,55	70,25	71,91	60,78	63,74	66,64	69,47	72,24
840	120	27,60	2,2998	66,82	0,0428	1,5084	61,33	63,10	64,88	66,82	68,73	70,43	72,09	60,97	63,93	66,82	69,65	72,42
847	121	27,83	2,3190	67,00	0,0426	1,5098	61,51	63,29	65,06	67,00	68,91	70,61	72,27	61,16	64,11	67,00	69,83	72,60
854	122	28,06	2,3381	67,18	0,0425	1,5113	61,70	63,47	65,24	67,18	69,09	70,79	72,44	61,35	64,30	67,18	70,01	72,77
861	123	28,29	2,3573	67,36	0,0423	1,5127	61,89	63,66	65,43	67,36	69,27	70,97	72,62	61,53	64,48	67,36	70,18	72,94
868	124	28,52	2,3765	67,54	0,0421	1,5142	62,07	63,84	65,61	67,54	69,45	71,14	72,79	61,72	64,66	67,54	70,36	73,12
875	125	28,75	2,3956	67,72	0,0420	1,5156	62,25	64,02	65,79	67,72	69,62	71,31	72,96	61,90	64,84	67,72	70,53	73,29
882	126	28,98	2,4148	67,89	0,0418	1,5170	62,44	64,20	65,96	67,89	69,80	71,49	73,13	62,08	65,02	67,89	70,70	73,46
889	127	29,21	2,4339	68,07	0,0417	1,5185	62,62	64,38	66,14	68,07	69,97	71,66	73,30	62,26	65,20	68,07	70,88	73,63
896	128	29,44	2,4531	68,24	0,0415	1,5199	62,80	64,56	66,32	68,24	70,14	71,83	73,47	62,44	65,38	68,24	71,05	73,80
903	129	29,67	2,4723	68,41	0,0414	1,5213	62,97	64,73	66,49	68,41	70,31	72,00	73,64	62,62	65,55	68,41	71,22	73,96
910	130	29,90	2,4914	68,59	0,0412	1,5226	63,15	64,91	66,66	68,59	70,48	72,16	73,80	62,80	65,72	68,59	71,38	74,13
917	131	30,13	2,5106	68,75	0,0411	1,5240	63,33	65,08	66,83	68,75	70,65	72,33	73,97	62,97	65,90	68,75	71,55	74,29
924	132	30,36	2,5298	68,92	0,0410	1,5254	63,50	65,25	67,01	68,92	70,81	72,49	74,13	63,15	66,07	68,92	71,72	74,45
931	133	30,59	2,5489	69,09	0,0408	1,5267	63,67	65,43	67,17	69,09	70,98	72,66	74,29	63,32	66,24	69,09	71,88	74,62
938	134	30,82	2,5681	69,26	0,0407	1,5281	63,85	65,60	67,34	69,26	71,14	72,82	74,45	63,49	66,41	69,26	72,05	74,78
945	135	31,05	2,5873	69,42	0,0405	1,5294	64,02	65,76	67,51	69,42	71,31	72,98	74,61	63,67	66,58	69,42	72,21	74,94
952	136	31,28	2,6064	69,59	0,0404	1,5308	64,19	65,93	67,68	69,59	71,47	73,14	74,77	63,84	66,74	69,59	72,37	75,10
959	137	31,51	2,6256	69,75	0,0403	1,5321	64,35	66,10	67,84	69,75	71,63	73,30	74,93	64,00	66,91	69,75	72,53	75,25
966	138	31,74	2,6448	69,91	0,0401	1,5334	64,52	66,26	68,01	69,91	71,79	73,46	75,09	64,17	67,08	69,91	72,69	75,41
973	139	31,97	2,6639	70,07	0,0400	1,5347	64,69	66,43	68,17	70,07	71,95	73,62	75,24	64,34	67,24	70,07	72,85	75,57
980	140	32,20	2,6831	70,23	0,0399	1,5360	64,85	66,59	68,33	70,23	72,11	73,77	75,40	64,51	67,40	70,23	73,00	75,72
987	141	32,43	2,7023	70,39	0,0397	1,5373	65,02	66,76	68,49	70,39	72,27	73,93	75,55	64,67	67,56	70,39	73,16	75,87
994	142	32,66	2,7214	70,55	0,0396	1,5386	65,18	66,92	68,65	70,55	72,42	74,08	75,70	64,83	67,72	70,55	73,31	76,03
1001	143	32,89	2,7406	70,71	0,0395	1,5398	65,34	67,08	68,81	70,71	72,58	74,24	75,86	65,00	67,88	70,71	73,47	76,18
1008	144	33,12	2,7598	70,86	0,0394	1,5411	65,51	67,24	68,97	70,86	72,73	74,39	76,01	65,16	68,04	70,86	73,62	76,33
1015	145	33,35	2,7789	71,02	0,0392	1,5423	65,67	67,40	69,12	71,02	72,88	74,54	76,16	65,32	68,20	71,02	73,77	76,48
