day	week	month	year	mu	sigma	nu	tau
14	2	0.46	0.0383	12.65	0.2253	0.789	4077.839
21	3	0.69	0.0575	13.58	0.2157	0.8226	3458.376
28	4	0.92	0.0767	14.47	0.2071	0.8544	2960.328
35	5	1.15	0.0958	15.3	0.1992	0.8844	2555.077
42	6	1.38	0.115	16.08	0.192	0.913	2221.78
49	7	1.61	0.1342	16.8	0.1854	0.9401	1945.002
56	8	1.84	0.1533	17.48	0.1794	0.966	1713.137
63	9	2.07	0.1725	18.11	0.1739	0.9907	1517.347
70	10	2.3	0.1916	18.7	0.1688	1.0143	1350.811
77	11	2.53	0.2108	19.28	0.1641	1.037	1208.211
84	12	2.76	0.23	19.85	0.1598	1.0588	1085.352
91	13	2.99	0.2491	20.42	0.1559	1.0799	978.901
98	14	3.22	0.2683	21.01	0.1523	1.1002	886.179
105	15	3.45	0.2875	21.61	0.149	1.12	805.02
112	16	3.68	0.3066	22.23	0.1459	1.1391	733.658
119	17	3.91	0.3258	22.86	0.1431	1.1576	670.643
126	18	4.14	0.345	23.5	0.1404	1.1756	614.777
133	19	4.37	0.3641	24.16	0.1379	1.1931	565.064
140	20	4.6	0.3833	24.82	0.1355	1.2102	520.67
147	21	4.83	0.4025	25.5	0.1333	1.2268	480.895
154	22	5.06	0.4216	26.18	0.1311	1.243	445.148
161	23	5.29	0.4408	26.87	0.1291	1.2589	412.926
168	24	5.52	0.46	27.56	0.1271	1.2743	383.799
175	25	5.749	0.4791	28.27	0.1252	1.2895	357.402
182	26	5.979	0.4983	28.98	0.1234	1.3043	333.418
189	27	6.209	0.5175	29.69	0.1217	1.3187	311.574
196	28	6.439	0.5366	30.41	0.12	1.3329	291.636
203	29	6.669	0.5558	31.12	0.1183	1.3468	273.396
210	30	6.899	0.5749	31.84	0.1167	1.3605	256.676
217	31	7.129	0.5941	32.56	0.1151	1.3739	241.32
224	32	7.359	0.6133	33.27	0.1136	1.387	227.188
231	33	7.589	0.6324	33.98	0.1121	1.3999	214.162
238	34	7.819	0.6516	34.69	0.1107	1.4126	202.132
245	35	8.049	0.6708	35.39	0.1093	1.425	191.005
252	36	8.279	0.6899	36.08	0.1079	1.4372	180.697
259	37	8.509	0.7091	36.77	0.1065	1.4492	171.133
266	38	8.739	0.7283	37.44	0.1052	1.4611	162.245
273	39	8.969	0.7474	38.11	0.1039	1.4727	153.976
280	40	9.199	0.7666	38.77	0.1026	1.4841	146.27
287	41	9.429	0.7858	39.42	0.1013	1.4954	139.081
294	42	9.659	0.8049	40.06	0.1001	1.5065	132.366
301	43	9.889	0.8241	40.7	0.0989	1.5174	126.085
308	44	10.119	0.8433	41.32	0.0977	1.5282	120.203
315	45	10.349	0.8624	41.93	0.0965	1.5388	114.69
322	46	10.579	0.8816	42.53	0.0954	1.5493	109.516
329	47	10.809	0.9008	43.12	0.0942	1.5596	104.655
336	48	11.039	0.9199	43.7	0.0931	1.5698	100.084
343	49	11.269	0.9391	44.27	0.092	1.5798	95.781
350	50	11.499	0.9582	44.83	0.091	1.5897	91.726
357	51	11.729	0.9774	45.38	0.0899	1.5995	87.902
364	52	11.959	0.9966	45.92	0.0889	1.6091	84.293
371	53	12.189	1.0157	46.45	0.0879	1.6186	80.882
378	54	12.419	1.0349	46.97	0.0869	1.628	77.658
385	55	12.649	1.0541	47.48	0.0859	1.6373	74.606
392	56	12.879	1.0732	47.98	0.0849	1.6465	71.715
399	57	13.109	1.0924	48.47	0.084	1.6556	68.976
406	58	13.339	1.1116	48.95	0.083	1.6645	66.377
413	59	13.569	1.1307	49.42	0.0821	1.6733	63.91
420	60	13.799	1.1499	49.89	0.0812	1.6821	61.567
427	61	14.029	1.1691	50.34	0.0803	1.6907	59.34
434	62	14.259	1.1882	50.79	0.0794	1.6993	57.221
441	63	14.489	1.2074	51.24	0.0786	1.7077	55.204
448	64	14.719	1.2266	51.67	0.0777	1.7161	53.283
455	65	14.949	1.2457	52.1	0.0769	1.7243	51.453
462	66	15.179	1.2649	52.52	0.0761	1.7325	49.707
469	67	15.409	1.2841	52.94	0.0753	1.7406	48.041
476	68	15.639	1.3032	53.34	0.0745	1.7486	46.451
483	69	15.869	1.3224	53.75	0.0737	1.7565	44.932
490	70	16.099	1.3415	54.14	0.073	1.7643	43.48
497	71	16.329	1.3607	54.54	0.0722	1.7721	42.092
504	72	16.559	1.3799	54.92	0.0715	1.7797	40.763
511	73	16.789	1.399	55.3	0.0708	1.7873	39.491
518	74	17.018	1.4182	55.68	0.0701	1.7948	38.273
525	75	17.248	1.4374	56.05	0.0693	1.8023	37.106
532	76	17.478	1.4565	56.42	0.0686	1.8096	35.987
539	77	17.708	1.4757	56.78	0.068	1.8169	34.914
546	78	17.938	1.4949	57.14	0.0673	1.8241	33.885
553	79	18.168	1.514	57.5	0.0666	1.8313	32.896
560	80	18.398	1.5332	57.85	0.0659	1.8384	31.947
567	81	18.628	1.5524	58.19	0.0653	1.8454	31.035
574	82	18.858	1.5715	58.53	0.0646	1.8523	30.158
581	83	19.088	1.5907	58.87	0.064	1.8592	29.315
588	84	19.318	1.6099	59.21	0.0633	1.866	28.504
595	85	19.548	1.629	59.54	0.0627	1.8728	27.723
602	86	19.778	1.6482	59.87	0.0621	1.8795	26.972
609	87	20.008	1.6674	60.19	0.0615	1.8861	26.248
616	88	20.238	1.6865	60.51	0.0609	1.8927	25.551
623	89	20.468	1.7057	60.83	0.0602	1.8992	24.879
630	90	20.698	1.7248	61.14	0.0596	1.9057	24.231
637	91	20.928	1.744	61.46	0.059	1.9121	23.606
644	92	21.158	1.7632	61.76	0.0585	1.9184	23.003
651	93	21.388	1.7823	62.07	0.0579	1.9247	22.421
658	94	21.618	1.8015	62.37	0.0573	1.931	21.86
665	95	21.848	1.8207	62.67	0.0567	1.9371	21.317
672	96	22.078	1.8398	62.97	0.0561	1.9433	20.793
679	97	22.308	1.859	63.26	0.0556	1.9494	20.286
686	98	22.538	1.8782	63.55	0.055	1.9554	19.797
693	99	22.768	1.8973	63.84	0.0545	1.9614	19.323
700	100	22.998	1.9165	64.12	0.0539	1.9673	18.865
707	101	23.228	1.9357	64.4	0.0534	1.9732	18.422
714	102	23.458	1.9548	64.68	0.0528	1.979	17.993
721	103	23.688	1.974	64.96	0.0523	1.9848	17.578
728	104	23.918	1.9932	65.23	0.0518	1.9905	17.176
735	105	24.148	2.0123	65.5	0.0512	1.9962	16.786
742	106	24.378	2.0315	65.77	0.0507	2.0019	16.409
749	107	24.608	2.0507	66.04	0.0502	2.0075	16.043
756	108	24.838	2.0698	66.3	0.0497	2.013	15.688
763	109	25.068	2.089	66.56	0.0492	2.0186	15.344
770	110	25.298	2.1081	66.82	0.0487	2.024	15.011
777	111	25.528	2.1273	67.07	0.0482	2.0295	14.687
784	112	25.758	2.1465	67.33	0.0477	2.0349	14.373
791	113	25.988	2.1656	67.58	0.0472	2.0402	14.069
798	114	26.218	2.1848	67.83	0.0467	2.0455	13.773
805	115	26.448	2.204	68.07	0.0462	2.0508	13.485
812	116	26.678	2.2231	68.31	0.0458	2.056	13.206
819	117	26.908	2.2423	68.55	0.0453	2.0612	12.935
826	118	27.138	2.2615	68.79	0.0448	2.0664	12.672
833	119	27.368	2.2806	69.03	0.0444	2.0715	12.416
840	120	27.598	2.2998	69.26	0.0439	2.0765	12.166
847	121	27.828	2.319	69.49	0.0435	2.0816	11.924
854	122	28.057	2.3381	69.72	0.043	2.0866	11.689
861	123	28.287	2.3573	69.95	0.0426	2.0916	11.46
868	124	28.517	2.3765	70.17	0.0421	2.0965	11.237
875	125	28.747	2.3956	70.39	0.0417	2.1014	11.02
882	126	28.977	2.4148	70.61	0.0413	2.1063	10.808
889	127	29.207	2.4339	70.82	0.0408	2.1111	10.603
896	128	29.437	2.4531	71.04	0.0404	2.1159	10.403
903	129	29.667	2.4723	71.25	0.04	2.1207	10.207
910	130	29.897	2.4914	71.46	0.0396	2.1254	10.017
917	131	30.127	2.5106	71.66	0.0392	2.1301	9.832
924	132	30.357	2.5298	71.86	0.0388	2.1348	9.652
931	133	30.587	2.5489	72.07	0.0384	2.1394	9.476
938	134	30.817	2.5681	72.26	0.038	2.144	9.304
945	135	31.047	2.5873	72.46	0.0376	2.1486	9.137
952	136	31.277	2.6064	72.66	0.0373	2.1531	8.974
959	137	31.507	2.6256	72.85	0.0369	2.1577	8.815
966	138	31.737	2.6448	73.04	0.0365	2.1622	8.659
973	139	31.967	2.6639	73.22	0.0361	2.1666	8.508
980	140	32.197	2.6831	73.41	0.0358	2.1711	8.36
987	141	32.427	2.7023	73.59	0.0354	2.1755	8.216
994	142	32.657	2.7214	73.77	0.0351	2.1798	8.075
1001	143	32.887	2.7406	73.95	0.0347	2.1842	7.937
1008	144	33.117	2.7598	74.12	0.0344	2.1885	7.803
1015	145	33.347	2.7789	74.29	0.034	2.1928	7.671
1022	146	33.577	2.7981	74.47	0.0337	2.1971	7.543
1029	147	33.807	2.8172	74.63	0.0334	2.2013	7.418
1036	148	34.037	2.8364	74.8	0.033	2.2055	7.295
1043	149	34.267	2.8556	74.96	0.0327	2.2097	7.176
1050	150	34.497	2.8747	75.13	0.0324	2.2139	7.059
1057	151	34.727	2.8939	75.28	0.0321	2.218	6.944
1064	152	34.957	2.9131	75.44	0.0318	2.2222	6.833
1071	153	35.187	2.9322	75.6	0.0314	2.2263	6.723
1078	154	35.417	2.9514	75.75	0.0311	2.2303	6.616
1085	155	35.647	2.9706	75.9	0.0308	2.2344	6.512
1092	156	35.877	2.9897	76.05	0.0305	2.2384	6.409
1099	157	36.107	3.0089	76.2	0.0302	2.2424	6.309
1106	158	36.337	3.0281	76.34	0.0299	2.2464	6.211
1113	159	36.567	3.0472	76.48	0.0297	2.2503	6.115
1120	160	36.797	3.0664	76.62	0.0294	2.2543	6.021
1127	161	37.027	3.0856	76.76	0.0291	2.2582	5.929
1134	162	37.257	3.1047	76.9	0.0288	2.2621	5.839
1141	163	37.487	3.1239	77.03	0.0285	2.2659	5.751
1148	164	37.717	3.1431	77.16	0.0283	2.2698	5.665
1155	165	37.947	3.1622	77.29	0.028	2.2736	5.58
1162	166	38.177	3.1814	77.42	0.0277	2.2774	5.498
1169	167	38.407	3.2005	77.55	0.0275	2.2812	5.417
1176	168	38.637	3.2197	77.68	0.0272	2.2849	5.337
1183	169	38.867	3.2389	77.8	0.027	2.2887	5.259
1190	170	39.097	3.258	77.92	0.0267	2.2924	5.183
1197	171	39.326	3.2772	78.05	0.0265	2.2961	5.108
1204	172	39.556	3.2964	78.17	0.0262	2.2998	5.035
1211	173	39.786	3.3155	78.28	0.026	2.3035	4.963
1218	174	40.016	3.3347	78.4	0.0257	2.3071	4.892
1225	175	40.246	3.3539	78.52	0.0255	2.3107	4.823
1232	176	40.476	3.373	78.63	0.0253	2.3143	4.755
1239	177	40.706	3.3922	78.75	0.0251	2.3179	4.689
1246	178	40.936	3.4114	78.86	0.0248	2.3215	4.624
1253	179	41.166	3.4305	78.97	0.0246	2.325	4.56
1260	180	41.396	3.4497	79.08	0.0244	2.3286	4.497
1267	181	41.626	3.4689	79.19	0.0242	2.3321	4.435
1274	182	41.856	3.488	79.29	0.0239	2.3356	4.375
1281	183	42.086	3.5072	79.4	0.0237	2.339	4.316
1288	184	42.316	3.5264	79.51	0.0235	2.3425	4.257
1295	185	42.546	3.5455	79.61	0.0233	2.346	4.2
1302	186	42.776	3.5647	79.71	0.0231	2.3494	4.144
