day	week	month	year	mu	sigma	nu	tau
14	2	0.46	0.0383	13.77	0.1855	1.7072	144.31
21	3	0.69	0.0575	14.52	0.1754	1.7525	135.06
28	4	0.92	0.0767	15.25	0.1664	1.7953	126.875
35	5	1.15	0.0958	15.99	0.1582	1.8359	119.584
42	6	1.38	0.115	16.75	0.1509	1.8744	113.049
49	7	1.61	0.1342	17.5	0.1442	1.911	107.162
56	8	1.84	0.1533	18.26	0.1381	1.9461	101.831
63	9	2.07	0.1725	19.03	0.1325	1.9796	96.983
70	10	2.3	0.1916	19.82	0.1274	2.0118	92.556
77	11	2.53	0.2108	20.61	0.1227	2.0427	88.497
84	12	2.76	0.23	21.41	0.1184	2.0726	84.764
91	13	2.99	0.2491	22.22	0.1145	2.1014	81.318
98	14	3.22	0.2683	23.03	0.1108	2.1292	78.129
105	15	3.45	0.2875	23.85	0.1075	2.1562	75.169
112	16	3.68	0.3066	24.67	0.1044	2.1824	72.415
119	17	3.91	0.3258	25.51	0.1015	2.2078	69.846
126	18	4.14	0.345	26.36	0.0989	2.2325	67.445
133	19	4.37	0.3641	27.22	0.0964	2.2566	65.196
140	20	4.6	0.3833	28.1	0.0942	2.2801	63.085
147	21	4.83	0.4025	28.98	0.092	2.303	61.1
154	22	5.06	0.4216	29.87	0.09	2.3254	59.23
161	23	5.29	0.4408	30.76	0.0882	2.3472	57.466
168	24	5.52	0.46	31.65	0.0864	2.3686	55.799
175	25	5.749	0.4791	32.54	0.0848	2.3895	54.222
182	26	5.979	0.4983	33.41	0.0832	2.41	52.727
189	27	6.209	0.5175	34.28	0.0818	2.4301	51.309
196	28	6.439	0.5366	35.12	0.0804	2.4497	49.962
203	29	6.669	0.5558	35.93	0.079	2.469	48.68
210	30	6.899	0.5749	36.72	0.0778	2.4879	47.46
217	31	7.129	0.5941	37.48	0.0766	2.5065	46.296
224	32	7.359	0.6133	38.2	0.0755	2.5248	45.186
231	33	7.589	0.6324	38.89	0.0744	2.5427	44.125
238	34	7.819	0.6516	39.55	0.0733	2.5603	43.11
245	35	8.049	0.6708	40.19	0.0723	2.5776	42.139
252	36	8.279	0.6899	40.81	0.0713	2.5947	41.209
259	37	8.509	0.7091	41.41	0.0704	2.6114	40.316
266	38	8.739	0.7283	42	0.0695	2.6279	39.46
273	39	8.969	0.7474	42.57	0.0686	2.6441	38.638
280	40	9.199	0.7666	43.13	0.0678	2.6601	37.847
287	41	9.429	0.7858	43.67	0.0669	2.6758	37.086
294	42	9.659	0.8049	44.2	0.0662	2.6912	36.354
301	43	9.889	0.8241	44.71	0.0654	2.7065	35.649
308	44	10.119	0.8433	45.21	0.0647	2.7215	34.969
315	45	10.349	0.8624	45.7	0.064	2.7363	34.313
322	46	10.579	0.8816	46.18	0.0633	2.7509	33.68
329	47	10.809	0.9008	46.65	0.0626	2.7652	33.068
336	48	11.039	0.9199	47.12	0.062	2.7794	32.478
343	49	11.269	0.9391	47.57	0.0614	2.7933	31.906
350	50	11.499	0.9582	48.03	0.0608	2.8071	31.354
357	51	11.729	0.9774	48.48	0.0602	2.8207	30.819
364	52	11.959	0.9966	48.92	0.0596	2.8341	30.301
371	53	12.189	1.0157	49.36	0.0591	2.8473	29.799
378	54	12.419	1.0349	49.79	0.0586	2.8604	29.313
385	55	12.649	1.0541	50.22	0.0581	2.8733	28.841
392	56	12.879	1.0732	50.64	0.0576	2.886	28.383
399	57	13.109	1.0924	51.06	0.0571	2.8985	27.939
406	58	13.339	1.1116	51.48	0.0567	2.9109	27.508
413	59	13.569	1.1307	51.88	0.0562	2.9232	27.089
420	60	13.799	1.1499	52.29	0.0558	2.9353	26.682
427	61	14.029	1.1691	52.68	0.0554	2.9473	26.286
434	62	14.259	1.1882	53.07	0.055	2.9591	25.901
441	63	14.489	1.2074	53.46	0.0546	2.9708	25.526
448	64	14.719	1.2266	53.84	0.0542	2.9823	25.162
455	65	14.949	1.2457	54.21	0.0539	2.9937	24.807
462	66	15.179	1.2649	54.58	0.0535	3.005	24.462
469	67	15.409	1.2841	54.94	0.0532	3.0162	24.125
476	68	15.639	1.3032	55.3	0.0528	3.0272	23.797
483	69	15.869	1.3224	55.65	0.0525	3.0381	23.477
490	70	16.099	1.3415	55.99	0.0521	3.0489	23.165
497	71	16.329	1.3607	56.33	0.0518	3.0596	22.861
504	72	16.559	1.3799	56.66	0.0515	3.0702	22.565
511	73	16.789	1.399	56.99	0.0512	3.0807	22.275
518	74	17.018	1.4182	57.31	0.0509	3.091	21.993
525	75	17.248	1.4374	57.62	0.0506	3.1012	21.717
532	76	17.478	1.4565	57.93	0.0503	3.1114	21.448
539	77	17.708	1.4757	58.24	0.05	3.1214	21.184
546	78	17.938	1.4949	58.54	0.0497	3.1313	20.927
553	79	18.168	1.514	58.83	0.0494	3.1412	20.676
560	80	18.398	1.5332	59.12	0.0492	3.1509	20.43
567	81	18.628	1.5524	59.41	0.0489	3.1606	20.19
574	82	18.858	1.5715	59.69	0.0486	3.1701	19.955
581	83	19.088	1.5907	59.97	0.0483	3.1796	19.725
588	84	19.318	1.6099	60.24	0.0481	3.1889	19.501
595	85	19.548	1.629	60.51	0.0478	3.1982	19.28
602	86	19.778	1.6482	60.78	0.0475	3.2074	19.065
609	87	20.008	1.6674	61.04	0.0473	3.2165	18.854
616	88	20.238	1.6865	61.3	0.047	3.2255	18.648
623	89	20.468	1.7057	61.55	0.0468	3.2344	18.445
630	90	20.698	1.7248	61.81	0.0465	3.2433	18.247
637	91	20.928	1.744	62.05	0.0463	3.2521	18.053
644	92	21.158	1.7632	62.3	0.046	3.2608	17.863
651	93	21.388	1.7823	62.54	0.0458	3.2694	17.676
658	94	21.618	1.8015	62.78	0.0455	3.2779	17.494
665	95	21.848	1.8207	63.02	0.0453	3.2864	17.314
672	96	22.078	1.8398	63.25	0.045	3.2948	17.139
679	97	22.308	1.859	63.48	0.0448	3.3031	16.966
686	98	22.538	1.8782	63.71	0.0446	3.3113	16.797
693	99	22.768	1.8973	63.94	0.0443	3.3195	16.631
700	100	22.998	1.9165	64.17	0.0441	3.3276	16.468
707	101	23.228	1.9357	64.39	0.0439	3.3356	16.308
714	102	23.458	1.9548	64.61	0.0436	3.3436	16.151
721	103	23.688	1.974	64.83	0.0434	3.3515	15.997
728	104	23.918	1.9932	65.05	0.0432	3.3593	15.846
735	105	24.148	2.0123	65.27	0.0429	3.3671	15.697
742	106	24.378	2.0315	65.48	0.0427	3.3748	15.551
749	107	24.608	2.0507	65.7	0.0425	3.3825	15.408
756	108	24.838	2.0698	65.91	0.0423	3.3901	15.267
763	109	25.068	2.089	66.12	0.042	3.3976	15.128
770	110	25.298	2.1081	66.33	0.0418	3.405	14.992
777	111	25.528	2.1273	66.53	0.0416	3.4125	14.858
784	112	25.758	2.1465	66.74	0.0414	3.4198	14.727
791	113	25.988	2.1656	66.94	0.0412	3.4271	14.597
798	114	26.218	2.1848	67.14	0.041	3.4343	14.47
805	115	26.448	2.204	67.35	0.0408	3.4415	14.345
812	116	26.678	2.2231	67.54	0.0405	3.4486	14.222
819	117	26.908	2.2423	67.74	0.0403	3.4557	14.101
826	118	27.138	2.2615	67.94	0.0401	3.4627	13.982
833	119	27.368	2.2806	68.13	0.0399	3.4697	13.865
840	120	27.598	2.2998	68.32	0.0397	3.4766	13.75
847	121	27.828	2.319	68.51	0.0395	3.4834	13.636
854	122	28.057	2.3381	68.7	0.0393	3.4902	13.524
861	123	28.287	2.3573	68.89	0.0391	3.497	13.414
868	124	28.517	2.3765	69.07	0.0389	3.5037	13.306
875	125	28.747	2.3956	69.25	0.0387	3.5104	13.199
882	126	28.977	2.4148	69.42	0.0385	3.517	13.094
889	127	29.207	2.4339	69.6	0.0383	3.5235	12.991
896	128	29.437	2.4531	69.77	0.0381	3.5301	12.889
903	129	29.667	2.4723	69.93	0.038	3.5365	12.788
910	130	29.897	2.4914	70.09	0.0378	3.543	12.689
917	131	30.127	2.5106	70.25	0.0376	3.5494	12.592
924	132	30.357	2.5298	70.41	0.0374	3.5557	12.496
931	133	30.587	2.5489	70.56	0.0372	3.562	12.401
938	134	30.817	2.5681	70.72	0.037	3.5682	12.308
945	135	31.047	2.5873	70.86	0.0369	3.5745	12.216
952	136	31.277	2.6064	71.01	0.0367	3.5806	12.125
959	137	31.507	2.6256	71.15	0.0365	3.5868	12.035
966	138	31.737	2.6448	71.28	0.0363	3.5929	11.947
973	139	31.967	2.6639	71.42	0.0362	3.5989	11.86
980	140	32.197	2.6831	71.55	0.036	3.6049	11.774
987	141	32.427	2.7023	71.68	0.0358	3.6109	11.689
994	142	32.657	2.7214	71.8	0.0357	3.6168	11.606
1001	143	32.887	2.7406	71.93	0.0355	3.6227	11.524
1008	144	33.117	2.7598	72.05	0.0353	3.6286	11.442
1015	145	33.347	2.7789	72.16	0.0352	3.6344	11.362
1022	146	33.577	2.7981	72.28	0.035	3.6402	11.283
1029	147	33.807	2.8172	72.39	0.0349	3.6459	11.205
1036	148	34.037	2.8364	72.5	0.0347	3.6516	11.128
1043	149	34.267	2.8556	72.6	0.0345	3.6573	11.051
1050	150	34.497	2.8747	72.71	0.0344	3.663	10.976
1057	151	34.727	2.8939	72.81	0.0342	3.6686	10.902
1064	152	34.957	2.9131	72.91	0.0341	3.6742	10.829
1071	153	35.187	2.9322	73.01	0.0339	3.6797	10.757
1078	154	35.417	2.9514	73.1	0.0338	3.6852	10.685
1085	155	35.647	2.9706	73.2	0.0336	3.6907	10.615
1092	156	35.877	2.9897	73.29	0.0335	3.6961	10.545
1099	157	36.107	3.0089	73.38	0.0333	3.7015	10.476
1106	158	36.337	3.0281	73.47	0.0332	3.7069	10.408
1113	159	36.567	3.0472	73.55	0.0331	3.7123	10.341
1120	160	36.797	3.0664	73.64	0.0329	3.7176	10.275
1127	161	37.027	3.0856	73.72	0.0328	3.7229	10.21
1134	162	37.257	3.1047	73.8	0.0326	3.7281	10.145
1141	163	37.487	3.1239	73.89	0.0325	3.7334	10.081
1148	164	37.717	3.1431	73.96	0.0324	3.7386	10.018
1155	165	37.947	3.1622	74.04	0.0322	3.7437	9.955
1162	166	38.177	3.1814	74.12	0.0321	3.7489	9.894
1169	167	38.407	3.2005	74.19	0.032	3.754	9.833
1176	168	38.637	3.2197	74.27	0.0318	3.7591	9.772
1183	169	38.867	3.2389	74.34	0.0317	3.7641	9.713
1190	170	39.097	3.258	74.41	0.0316	3.7691	9.654
1197	171	39.326	3.2772	74.48	0.0315	3.7742	9.596
1204	172	39.556	3.2964	74.56	0.0313	3.7791	9.538
1211	173	39.786	3.3155	74.63	0.0312	3.7841	9.481
1218	174	40.016	3.3347	74.7	0.0311	3.789	9.425
1225	175	40.246	3.3539	74.76	0.031	3.7939	9.37
1232	176	40.476	3.373	74.83	0.0309	3.7988	9.315
1239	177	40.706	3.3922	74.9	0.0307	3.8036	9.26
1246	178	40.936	3.4114	74.97	0.0306	3.8084	9.206
1253	179	41.166	3.4305	75.03	0.0305	3.8132	9.153
1260	180	41.396	3.4497	75.1	0.0304	3.818	9.101
1267	181	41.626	3.4689	75.17	0.0303	3.8227	9.048
1274	182	41.856	3.488	75.23	0.0301	3.8275	8.997
1281	183	42.086	3.5072	75.3	0.03	3.8322	8.946
1288	184	42.316	3.5264	75.36	0.0299	3.8368	8.896
1295	185	42.546	3.5455	75.43	0.0298	3.8415	8.846
1302	186	42.776	3.5647	75.49	0.0297	3.8461	8.796
