day	week	month	year	mu	sigma	nu	tau
14	2	0.46	0.0383	13.68	0.2456	1.1731	15.422
21	3	0.69	0.0575	14.36	0.2324	1.2062	15.54
28	4	0.92	0.0767	15.02	0.2206	1.2375	15.652
35	5	1.15	0.0958	15.68	0.21	1.267	15.758
42	6	1.38	0.115	16.35	0.2005	1.2951	15.86
49	7	1.61	0.1342	17.03	0.1917	1.3218	15.957
56	8	1.84	0.1533	17.73	0.1838	1.3472	16.051
63	9	2.07	0.1725	18.45	0.1765	1.3715	16.141
70	10	2.3	0.1916	19.2	0.1698	1.3947	16.228
77	11	2.53	0.2108	19.97	0.1636	1.417	16.312
84	12	2.76	0.23	20.76	0.1578	1.4383	16.393
91	13	2.99	0.2491	21.55	0.1525	1.4588	16.471
98	14	3.22	0.2683	22.34	0.1475	1.4785	16.546
105	15	3.45	0.2875	23.11	0.1429	1.4975	16.619
112	16	3.68	0.3066	23.89	0.1386	1.5159	16.69
119	17	3.91	0.3258	24.68	0.1346	1.5336	16.759
126	18	4.14	0.345	25.47	0.1308	1.5507	16.825
133	19	4.37	0.3641	26.27	0.1272	1.5672	16.89
140	20	4.6	0.3833	27.09	0.1239	1.5832	16.952
147	21	4.83	0.4025	27.92	0.1208	1.5987	17.013
154	22	5.06	0.4216	28.76	0.1179	1.6138	17.071
161	23	5.29	0.4408	29.62	0.1151	1.6284	17.128
168	24	5.52	0.46	30.48	0.1125	1.6426	17.184
175	25	5.749	0.4791	31.34	0.1101	1.6564	17.237
182	26	5.979	0.4983	32.2	0.1078	1.6698	17.289
189	27	6.209	0.5175	33.05	0.1056	1.6829	17.34
196	28	6.439	0.5366	33.87	0.1035	1.6957	17.389
203	29	6.669	0.5558	34.67	0.1015	1.7082	17.436
210	30	6.899	0.5749	35.44	0.0997	1.7204	17.482
217	31	7.129	0.5941	36.17	0.0979	1.7323	17.527
224	32	7.359	0.6133	36.88	0.0962	1.744	17.57
231	33	7.589	0.6324	37.55	0.0946	1.7554	17.613
238	34	7.819	0.6516	38.2	0.093	1.7666	17.654
245	35	8.049	0.6708	38.83	0.0916	1.7776	17.694
252	36	8.279	0.6899	39.45	0.0901	1.7883	17.732
259	37	8.509	0.7091	40.05	0.0888	1.7988	17.77
266	38	8.739	0.7283	40.63	0.0875	1.8092	17.807
273	39	8.969	0.7474	41.21	0.0862	1.8193	17.843
280	40	9.199	0.7666	41.77	0.085	1.8292	17.877
287	41	9.429	0.7858	42.33	0.0839	1.839	17.911
294	42	9.659	0.8049	42.87	0.0828	1.8486	17.944
301	43	9.889	0.8241	43.4	0.0817	1.858	17.976
308	44	10.119	0.8433	43.93	0.0807	1.8672	18.007
315	45	10.349	0.8624	44.44	0.0797	1.8763	18.038
322	46	10.579	0.8816	44.95	0.0788	1.8853	18.067
329	47	10.809	0.9008	45.45	0.0778	1.894	18.096
336	48	11.039	0.9199	45.95	0.077	1.9027	18.124
343	49	11.269	0.9391	46.43	0.0761	1.9112	18.152
350	50	11.499	0.9582	46.91	0.0753	1.9196	18.178
357	51	11.729	0.9774	47.38	0.0745	1.9278	18.204
364	52	11.959	0.9966	47.85	0.0738	1.9359	18.23
371	53	12.189	1.0157	48.3	0.0731	1.9439	18.255
378	54	12.419	1.0349	48.75	0.0724	1.9518	18.279
385	55	12.649	1.0541	49.19	0.0717	1.9595	18.303
392	56	12.879	1.0732	49.62	0.0711	1.9672	18.326
399	57	13.109	1.0924	50.04	0.0704	1.9747	18.348
406	58	13.339	1.1116	50.45	0.0698	1.9822	18.37
413	59	13.569	1.1307	50.86	0.0693	1.9895	18.392
420	60	13.799	1.1499	51.25	0.0687	1.9968	18.413
427	61	14.029	1.1691	51.64	0.0682	2.0039	18.434
434	62	14.259	1.1882	52.02	0.0676	2.011	18.454
441	63	14.489	1.2074	52.39	0.0671	2.018	18.474
448	64	14.719	1.2266	52.76	0.0666	2.0249	18.493
455	65	14.949	1.2457	53.11	0.0662	2.0317	18.512
462	66	15.179	1.2649	53.47	0.0657	2.0384	18.53
469	67	15.409	1.2841	53.82	0.0653	2.0451	18.549
476	68	15.639	1.3032	54.16	0.0648	2.0516	18.566
483	69	15.869	1.3224	54.49	0.0644	2.0581	18.584
490	70	16.099	1.3415	54.82	0.064	2.0646	18.601
497	71	16.329	1.3607	55.15	0.0636	2.0709	18.618
504	72	16.559	1.3799	55.48	0.0632	2.0772	18.635
511	73	16.789	1.399	55.8	0.0628	2.0834	18.651
518	74	17.018	1.4182	56.11	0.0624	2.0896	18.667
525	75	17.248	1.4374	56.42	0.0621	2.0957	18.683
532	76	17.478	1.4565	56.74	0.0617	2.1017	18.698
539	77	17.708	1.4757	57.04	0.0614	2.1077	18.713
546	78	17.938	1.4949	57.35	0.061	2.1136	18.728
553	79	18.168	1.514	57.65	0.0607	2.1194	18.743
560	80	18.398	1.5332	57.95	0.0604	2.1252	18.757
567	81	18.628	1.5524	58.25	0.0601	2.1309	18.771
574	82	18.858	1.5715	58.54	0.0597	2.1366	18.785
581	83	19.088	1.5907	58.83	0.0594	2.1422	18.799
588	84	19.318	1.6099	59.12	0.0591	2.1477	18.813
595	85	19.548	1.629	59.4	0.0588	2.1532	18.826
602	86	19.778	1.6482	59.68	0.0585	2.1587	18.84
609	87	20.008	1.6674	59.96	0.0583	2.1641	18.853
616	88	20.238	1.6865	60.23	0.058	2.1694	18.865
623	89	20.468	1.7057	60.5	0.0577	2.1747	18.878
630	90	20.698	1.7248	60.77	0.0574	2.18	18.891
637	91	20.928	1.744	61.04	0.0572	2.1852	18.903
644	92	21.158	1.7632	61.3	0.0569	2.1903	18.915
651	93	21.388	1.7823	61.56	0.0566	2.1954	18.927
658	94	21.618	1.8015	61.81	0.0564	2.2005	18.939
665	95	21.848	1.8207	62.07	0.0561	2.2055	18.951
672	96	22.078	1.8398	62.32	0.0559	2.2105	18.962
679	97	22.308	1.859	62.57	0.0556	2.2154	18.973
686	98	22.538	1.8782	62.81	0.0554	2.2203	18.985
693	99	22.768	1.8973	63.05	0.0551	2.2252	18.996
700	100	22.998	1.9165	63.29	0.0549	2.23	19.007
707	101	23.228	1.9357	63.53	0.0547	2.2347	19.017
714	102	23.458	1.9548	63.76	0.0544	2.2395	19.028
721	103	23.688	1.974	63.99	0.0542	2.2442	19.039
728	104	23.918	1.9932	64.22	0.054	2.2488	19.049
735	105	24.148	2.0123	64.45	0.0538	2.2534	19.059
742	106	24.378	2.0315	64.67	0.0535	2.258	19.069
749	107	24.608	2.0507	64.89	0.0533	2.2625	19.079
756	108	24.838	2.0698	65.1	0.0531	2.267	19.089
763	109	25.068	2.089	65.32	0.0529	2.2715	19.099
770	110	25.298	2.1081	65.53	0.0527	2.2759	19.109
777	111	25.528	2.1273	65.73	0.0525	2.2803	19.118
784	112	25.758	2.1465	65.94	0.0523	2.2846	19.128
791	113	25.988	2.1656	66.14	0.0521	2.289	19.137
798	114	26.218	2.1848	66.34	0.0519	2.2933	19.146
805	115	26.448	2.204	66.54	0.0517	2.2975	19.155
812	116	26.678	2.2231	66.73	0.0515	2.3017	19.164
819	117	26.908	2.2423	66.92	0.0513	2.3059	19.173
826	118	27.138	2.2615	67.11	0.0511	2.3101	19.182
833	119	27.368	2.2806	67.3	0.0509	2.3142	19.191
840	120	27.598	2.2998	67.49	0.0507	2.3183	19.199
847	121	27.828	2.319	67.67	0.0505	2.3224	19.208
854	122	28.057	2.3381	67.85	0.0504	2.3264	19.216
861	123	28.287	2.3573	68.03	0.0502	2.3304	19.225
868	124	28.517	2.3765	68.21	0.05	2.3344	19.233
875	125	28.747	2.3956	68.38	0.0498	2.3384	19.241
882	126	28.977	2.4148	68.56	0.0497	2.3423	19.249
889	127	29.207	2.4339	68.73	0.0495	2.3462	19.257
896	128	29.437	2.4531	68.89	0.0493	2.35	19.265
903	129	29.667	2.4723	69.06	0.0492	2.3539	19.273
910	130	29.897	2.4914	69.22	0.049	2.3577	19.281
917	131	30.127	2.5106	69.38	0.0488	2.3615	19.289
924	132	30.357	2.5298	69.54	0.0487	2.3652	19.296
931	133	30.587	2.5489	69.7	0.0485	2.369	19.304
938	134	30.817	2.5681	69.85	0.0484	2.3727	19.311
945	135	31.047	2.5873	70.01	0.0482	2.3764	19.319
952	136	31.277	2.6064	70.15	0.048	2.38	19.326
959	137	31.507	2.6256	70.3	0.0479	2.3836	19.333
966	138	31.737	2.6448	70.45	0.0477	2.3873	19.34
973	139	31.967	2.6639	70.59	0.0476	2.3908	19.347
980	140	32.197	2.6831	70.73	0.0474	2.3944	19.354
987	141	32.427	2.7023	70.86	0.0473	2.3979	19.361
994	142	32.657	2.7214	70.99	0.0472	2.4015	19.368
1001	143	32.887	2.7406	71.12	0.047	2.4049	19.375
1008	144	33.117	2.7598	71.25	0.0469	2.4084	19.382
1015	145	33.347	2.7789	71.38	0.0467	2.4119	19.389
1022	146	33.577	2.7981	71.5	0.0466	2.4153	19.395
1029	147	33.807	2.8172	71.62	0.0465	2.4187	19.402
1036	148	34.037	2.8364	71.74	0.0463	2.4221	19.408
1043	149	34.267	2.8556	71.85	0.0462	2.4254	19.415
1050	150	34.497	2.8747	71.97	0.0461	2.4288	19.421
1057	151	34.727	2.8939	72.08	0.0459	2.4321	19.428
1064	152	34.957	2.9131	72.19	0.0458	2.4354	19.434
1071	153	35.187	2.9322	72.29	0.0457	2.4387	19.44
1078	154	35.417	2.9514	72.4	0.0456	2.442	19.447
1085	155	35.647	2.9706	72.5	0.0454	2.4452	19.453
1092	156	35.877	2.9897	72.6	0.0453	2.4484	19.459
1099	157	36.107	3.0089	72.7	0.0452	2.4516	19.465
1106	158	36.337	3.0281	72.8	0.0451	2.4548	19.471
1113	159	36.567	3.0472	72.89	0.0449	2.458	19.477
1120	160	36.797	3.0664	72.99	0.0448	2.4611	19.483
1127	161	37.027	3.0856	73.08	0.0447	2.4643	19.489
1134	162	37.257	3.1047	73.17	0.0446	2.4674	19.495
1141	163	37.487	3.1239	73.26	0.0445	2.4705	19.501
1148	164	37.717	3.1431	73.35	0.0444	2.4736	19.507
1155	165	37.947	3.1622	73.43	0.0442	2.4766	19.512
1162	166	38.177	3.1814	73.52	0.0441	2.4797	19.518
1169	167	38.407	3.2005	73.6	0.044	2.4827	19.524
1176	168	38.637	3.2197	73.68	0.0439	2.4857	19.53
1183	169	38.867	3.2389	73.77	0.0438	2.4887	19.535
1190	170	39.097	3.258	73.85	0.0437	2.4917	19.541
1197	171	39.326	3.2772	73.93	0.0436	2.4946	19.547
1204	172	39.556	3.2964	74	0.0435	2.4976	19.552
1211	173	39.786	3.3155	74.08	0.0434	2.5005	19.558
1218	174	40.016	3.3347	74.16	0.0432	2.5034	19.563
1225	175	40.246	3.3539	74.24	0.0431	2.5063	19.569
1232	176	40.476	3.373	74.31	0.043	2.5092	19.574
1239	177	40.706	3.3922	74.39	0.0429	2.5121	19.579
1246	178	40.936	3.4114	74.46	0.0428	2.5149	19.585
1253	179	41.166	3.4305	74.54	0.0427	2.5178	19.59
1260	180	41.396	3.4497	74.61	0.0426	2.5206	19.596
1267	181	41.626	3.4689	74.69	0.0425	2.5234	19.601
1274	182	41.856	3.488	74.76	0.0424	2.5262	19.606
1281	183	42.086	3.5072	74.83	0.0423	2.529	19.611
1288	184	42.316	3.5264	74.91	0.0422	2.5317	19.617
1295	185	42.546	3.5455	74.98	0.0421	2.5345	19.622
1302	186	42.776	3.5647	75.05	0.042	2.5372	19.627
1826	261	60.000	5.0000	80.55	0.042	2.5372	19.627