day	week	month	year	mu	sigma	nu	tau
14	2	0.46	0.0383	13.18	0.2075	1.42	34.189
21	3	0.69	0.0575	14.04	0.2001	1.426	34.121
28	4	0.92	0.0767	14.9	0.193	1.432	34.053
35	5	1.15	0.0958	15.76	0.1861	1.438	33.985
42	6	1.38	0.115	16.62	0.1795	1.444	33.918
49	7	1.61	0.1342	17.47	0.1733	1.45	33.85
56	8	1.84	0.1533	18.33	0.1672	1.456	33.783
63	9	2.07	0.1725	19.19	0.1615	1.462	33.716
70	10	2.3	0.1916	20.05	0.156	1.4681	33.649
77	11	2.53	0.2108	20.91	0.1508	1.4741	33.582
84	12	2.76	0.23	21.77	0.1458	1.4801	33.515
91	13	2.99	0.2491	22.62	0.141	1.4861	33.448
98	14	3.22	0.2683	23.48	0.1365	1.4921	33.382
105	15	3.45	0.2875	24.33	0.1322	1.4981	33.315
112	16	3.68	0.3066	25.18	0.1281	1.5041	33.249
119	17	3.91	0.3258	26.02	0.1242	1.5101	33.183
126	18	4.14	0.345	26.86	0.1205	1.5161	33.117
133	19	4.37	0.3641	27.69	0.117	1.5221	33.051
140	20	4.6	0.3833	28.52	0.1137	1.5281	32.985
147	21	4.83	0.4025	29.34	0.1106	1.5341	32.92
154	22	5.06	0.4216	30.15	0.1076	1.5401	32.854
161	23	5.29	0.4408	30.96	0.1048	1.5461	32.789
168	24	5.52	0.46	31.76	0.1022	1.5522	32.724
175	25	5.749	0.4791	32.54	0.0997	1.5582	32.659
182	26	5.979	0.4983	33.32	0.0973	1.5642	32.594
189	27	6.209	0.5175	34.08	0.0951	1.5702	32.529
196	28	6.439	0.5366	34.84	0.093	1.5762	32.464
203	29	6.669	0.5558	35.58	0.091	1.5822	32.4
210	30	6.899	0.5749	36.3	0.0891	1.5882	32.335
217	31	7.129	0.5941	37.01	0.0873	1.5942	32.271
224	32	7.359	0.6133	37.71	0.0856	1.6002	32.207
231	33	7.589	0.6324	38.4	0.084	1.6062	32.143
238	34	7.819	0.6516	39.08	0.0825	1.6122	32.079
245	35	8.049	0.6708	39.74	0.0811	1.6182	32.015
252	36	8.279	0.6899	40.38	0.0797	1.6242	31.951
259	37	8.509	0.7091	41.02	0.0784	1.6302	31.888
266	38	8.739	0.7283	41.64	0.0772	1.6363	31.824
273	39	8.969	0.7474	42.25	0.0761	1.6423	31.761
280	40	9.199	0.7666	42.85	0.075	1.6483	31.698
287	41	9.429	0.7858	43.44	0.074	1.6543	31.635
294	42	9.659	0.8049	44.01	0.073	1.6603	31.572
301	43	9.889	0.8241	44.58	0.0721	1.6663	31.509
308	44	10.119	0.8433	45.13	0.0712	1.6723	31.446
315	45	10.349	0.8624	45.67	0.0704	1.6783	31.384
322	46	10.579	0.8816	46.21	0.0696	1.6843	31.321
329	47	10.809	0.9008	46.73	0.0689	1.6903	31.259
336	48	11.039	0.9199	47.24	0.0682	1.6963	31.197
343	49	11.269	0.9391	47.75	0.0675	1.7023	31.135
350	50	11.499	0.9582	48.25	0.0669	1.7083	31.073
357	51	11.729	0.9774	48.73	0.0662	1.7143	31.011
364	52	11.959	0.9966	49.21	0.0657	1.7204	30.949
371	53	12.189	1.0157	49.68	0.0651	1.7264	30.888
378	54	12.419	1.0349	50.15	0.0646	1.7324	30.826
385	55	12.649	1.0541	50.6	0.0641	1.7384	30.765
392	56	12.879	1.0732	51.04	0.0636	1.7444	30.704
399	57	13.109	1.0924	51.48	0.0631	1.7504	30.643
406	58	13.339	1.1116	51.91	0.0627	1.7564	30.582
413	59	13.569	1.1307	52.33	0.0623	1.7624	30.521
420	60	13.799	1.1499	52.74	0.0619	1.7684	30.46
427	61	14.029	1.1691	53.14	0.0615	1.7744	30.4
434	62	14.259	1.1882	53.54	0.0611	1.7804	30.339
441	63	14.489	1.2074	53.92	0.0608	1.7864	30.279
448	64	14.719	1.2266	54.3	0.0605	1.7924	30.219
455	65	14.949	1.2457	54.67	0.0601	1.7984	30.158
462	66	15.179	1.2649	55.04	0.0598	1.8045	30.098
469	67	15.409	1.2841	55.39	0.0596	1.8105	30.039
476	68	15.639	1.3032	55.74	0.0593	1.8165	29.979
483	69	15.869	1.3224	56.08	0.059	1.8225	29.919
490	70	16.099	1.3415	56.42	0.0588	1.8285	29.86
497	71	16.329	1.3607	56.74	0.0586	1.8345	29.8
504	72	16.559	1.3799	57.06	0.0583	1.8405	29.741
511	73	16.789	1.399	57.38	0.0581	1.8465	29.682
518	74	17.018	1.4182	57.68	0.0579	1.8525	29.623
525	75	17.248	1.4374	57.99	0.0578	1.8585	29.564
532	76	17.478	1.4565	58.28	0.0576	1.8645	29.505
539	77	17.708	1.4757	58.57	0.0574	1.8705	29.446
546	78	17.938	1.4949	58.86	0.0573	1.8765	29.388
553	79	18.168	1.514	59.14	0.0572	1.8825	29.329
560	80	18.398	1.5332	59.42	0.057	1.8886	29.271
567	81	18.628	1.5524	59.69	0.0569	1.8946	29.213
574	82	18.858	1.5715	59.96	0.0568	1.9006	29.155
581	83	19.088	1.5907	60.22	0.0567	1.9066	29.097
588	84	19.318	1.6099	60.49	0.0566	1.9126	29.039
595	85	19.548	1.629	60.74	0.0565	1.9186	28.981
602	86	19.778	1.6482	61	0.0565	1.9246	28.923
609	87	20.008	1.6674	61.25	0.0564	1.9306	28.866
616	88	20.238	1.6865	61.5	0.0563	1.9366	28.808
623	89	20.468	1.7057	61.75	0.0562	1.9426	28.751
630	90	20.698	1.7248	62	0.0562	1.9486	28.694
637	91	20.928	1.744	62.24	0.0561	1.9546	28.637
644	92	21.158	1.7632	62.48	0.056	1.9606	28.58
651	93	21.388	1.7823	62.72	0.056	1.9666	28.523
658	94	21.618	1.8015	62.96	0.0559	1.9727	28.466
665	95	21.848	1.8207	63.19	0.0559	1.9787	28.41
672	96	22.078	1.8398	63.43	0.0558	1.9847	28.353
679	97	22.308	1.859	63.66	0.0558	1.9907	28.297
686	98	22.538	1.8782	63.89	0.0557	1.9967	28.24
693	99	22.768	1.8973	64.12	0.0557	2.0027	28.184
700	100	22.998	1.9165	64.35	0.0556	2.0087	28.128
707	101	23.228	1.9357	64.57	0.0555	2.0147	28.072
714	102	23.458	1.9548	64.8	0.0555	2.0207	28.016
721	103	23.688	1.974	65.02	0.0554	2.0267	27.961
728	104	23.918	1.9932	65.25	0.0553	2.0327	27.905
735	105	24.148	2.0123	65.47	0.0553	2.0387	27.849
742	106	24.378	2.0315	65.69	0.0552	2.0447	27.794
749	107	24.608	2.0507	65.91	0.0551	2.0507	27.739
756	108	24.838	2.0698	66.13	0.055	2.0567	27.684
763	109	25.068	2.089	66.35	0.0549	2.0628	27.628
770	110	25.298	2.1081	66.57	0.0549	2.0688	27.574
777	111	25.528	2.1273	66.79	0.0548	2.0748	27.519
784	112	25.758	2.1465	67	0.0547	2.0808	27.464
791	113	25.988	2.1656	67.22	0.0545	2.0868	27.409
798	114	26.218	2.1848	67.44	0.0544	2.0928	27.355
805	115	26.448	2.204	67.65	0.0543	2.0988	27.3
812	116	26.678	2.2231	67.86	0.0542	2.1048	27.246
819	117	26.908	2.2423	68.08	0.0541	2.1108	27.192
826	118	27.138	2.2615	68.29	0.0539	2.1168	27.138
833	119	27.368	2.2806	68.5	0.0538	2.1228	27.084
840	120	27.598	2.2998	68.71	0.0537	2.1288	27.03
847	121	27.828	2.319	68.92	0.0536	2.1348	26.976
854	122	28.057	2.3381	69.13	0.0534	2.1408	26.922
861	123	28.287	2.3573	69.33	0.0533	2.1469	26.869
868	124	28.517	2.3765	69.53	0.0532	2.1529	26.815
875	125	28.747	2.3956	69.74	0.0531	2.1589	26.762
882	126	28.977	2.4148	69.94	0.053	2.1649	26.709
889	127	29.207	2.4339	70.13	0.0528	2.1709	26.656
896	128	29.437	2.4531	70.33	0.0527	2.1769	26.603
903	129	29.667	2.4723	70.52	0.0526	2.1829	26.55
910	130	29.897	2.4914	70.71	0.0525	2.1889	26.497
917	131	30.127	2.5106	70.9	0.0524	2.1949	26.444
924	132	30.357	2.5298	71.09	0.0523	2.2009	26.392
931	133	30.587	2.5489	71.27	0.0522	2.2069	26.339
938	134	30.817	2.5681	71.45	0.0522	2.2129	26.287
945	135	31.047	2.5873	71.63	0.0521	2.2189	26.234
952	136	31.277	2.6064	71.81	0.052	2.2249	26.182
959	137	31.507	2.6256	71.98	0.0519	2.2309	26.13
966	138	31.737	2.6448	72.15	0.0519	2.237	26.078
973	139	31.967	2.6639	72.32	0.0518	2.243	26.026
980	140	32.197	2.6831	72.48	0.0518	2.249	25.974
987	141	32.427	2.7023	72.64	0.0517	2.255	25.923
994	142	32.657	2.7214	72.8	0.0517	2.261	25.871
1001	143	32.887	2.7406	72.95	0.0516	2.267	25.82
1008	144	33.117	2.7598	73.1	0.0516	2.273	25.768
1015	145	33.347	2.7789	73.25	0.0515	2.279	25.717
1022	146	33.577	2.7981	73.39	0.0515	2.285	25.666
1029	147	33.807	2.8172	73.53	0.0515	2.291	25.615
1036	148	34.037	2.8364	73.67	0.0514	2.297	25.564
1043	149	34.267	2.8556	73.8	0.0514	2.303	25.513
1050	150	34.497	2.8747	73.93	0.0514	2.309	25.462
1057	151	34.727	2.8939	74.06	0.0514	2.315	25.412
1064	152	34.957	2.9131	74.19	0.0513	2.321	25.361
1071	153	35.187	2.9322	74.31	0.0513	2.3271	25.311
1078	154	35.417	2.9514	74.43	0.0513	2.3331	25.26
1085	155	35.647	2.9706	74.55	0.0513	2.3391	25.21
1092	156	35.877	2.9897	74.66	0.0512	2.3451	25.16
1099	157	36.107	3.0089	74.77	0.0512	2.3511	25.11
1106	158	36.337	3.0281	74.88	0.0512	2.3571	25.06
1113	159	36.567	3.0472	74.99	0.0511	2.3631	25.01
1120	160	36.797	3.0664	75.09	0.0511	2.3691	24.96
1127	161	37.027	3.0856	75.19	0.0511	2.3751	24.911
1134	162	37.257	3.1047	75.29	0.051	2.3811	24.861
1141	163	37.487	3.1239	75.39	0.051	2.3871	24.812
1148	164	37.717	3.1431	75.48	0.0509	2.3931	24.762
1155	165	37.947	3.1622	75.58	0.0509	2.3991	24.713
1162	166	38.177	3.1814	75.67	0.0508	2.4051	24.664
1169	167	38.407	3.2005	75.76	0.0507	2.4112	24.615
1176	168	38.637	3.2197	75.85	0.0507	2.4172	24.566
1183	169	38.867	3.2389	75.93	0.0506	2.4232	24.517
1190	170	39.097	3.258	76.02	0.0505	2.4292	24.468
1197	171	39.326	3.2772	76.1	0.0504	2.4352	24.419
1204	172	39.556	3.2964	76.19	0.0503	2.4412	24.371
1211	173	39.786	3.3155	76.27	0.0503	2.4472	24.322
1218	174	40.016	3.3347	76.35	0.0502	2.4532	24.274
1225	175	40.246	3.3539	76.43	0.0501	2.4592	24.226
1232	176	40.476	3.373	76.51	0.05	2.4652	24.177
1239	177	40.706	3.3922	76.59	0.0498	2.4712	24.129
1246	178	40.936	3.4114	76.67	0.0497	2.4772	24.081
1253	179	41.166	3.4305	76.75	0.0496	2.4832	24.033
1260	180	41.396	3.4497	76.82	0.0495	2.4892	23.986
1267	181	41.626	3.4689	76.9	0.0494	2.4952	23.938
1274	182	41.856	3.488	76.98	0.0493	2.5013	23.89
1281	183	42.086	3.5072	77.06	0.0492	2.5073	23.843
1288	184	42.316	3.5264	77.13	0.049	2.5133	23.795
1295	185	42.546	3.5455	77.21	0.0489	2.5193	23.748
1302	186	42.776	3.5647	77.29	0.0488	2.5253	23.701
